1680244403
1680244431
1680258913
1680307769
1680307782
1680307793
1680307804
1680307815
1680307827
1680307838
1680307848
1680307857
1680307878
1680307889
1680307901
1680307912
1680307924
1680307936
1680307950
1680307961
1680307973
1680308049
1680308076
1680308088
1680308102
1680308114
1680308126
1680308138
1680308149
1680308159
1680308170
1680308181
1680308193
1680308205
1680308215
1680308227
1680308239
1680308249
1680308258
1680308271
1680308282
1680308293
1680308304
1680308316
1680308328
1680308341
1680308354
1680308366
1680308382
1680308392
1680308404
1680308415
1680308428
1680308439
1680308450
1680308461
1680308472
1680308484
1680308495
1680308505
1680308516
1680308526
1680308538
1680308551
1680308562
1680308575
1680308586
1680308598
1680308608
1680308620
1680308632
1680308642
1680308655
1680308664
1680308676
1680308688
1680308697
1680308707
1680308717
1680308730
1680308743
1680308756
1680308767
1680308777
1680308791
1680308803
1680308813
1680308823
1680308834
1680308847
1680308860
1680308872
1680308882
1680308894
1680308905
1680308918
1680308928
1680308941
1680308954
1680308971
1680308982
1680308991
1680309001
1680309015
1680309027
1680309039
1680309049
1680309060
1680309074
1680309087
1680309097
1680309112
1680309124
1680309135
1680309145
1680309156
1680309166
1680309176
1680309187
1680309201
1680309214
1680309226
